AIY_adv	TUY_adv	HeadwayFoll_adv	GapFoll_adv	AIY_stop	TUY_stop	HeadwayFoll_stop	GapFoll_stop	travel_time	adv_indication	decision	car_follow	occ_ratio
2.8	117.2	33.3	32.9	7.8	112.2	32.7	31.7	5.0	0.0	0.0	0.0	194.3333
114.6	5.4	16.0	15.7	0.7	119.3	17.7	16.8	6.1	1.0	1.0	0.0	2.1
119.6	0.4	23.0	22.7	3.8	116.2	22.4	21.4	4.2	1.0	1.0	0.0	2.6667
3.2	116.8	8.6	7.6	9.7	110.3	9.0	6.9	6.5	0.0	0.0	0.0	236.0
116.1	3.9	24.1	23.6	120.0	0.0	23.7	22.4	3.9	1.0	1.0	0.0	3.0
3.4	116.6	42.2	40.7	11.6	108.4	40.6	39.3	8.2	0.0	0.0	0.0	141.0
2.2	117.8	15.1	14.7	9.6	110.4	17.5	16.5	7.4	0.0	0.0	0.0	248.6667
118.6	1.4	9.7	9.4	2.9	117.1	9.6	8.8	4.3	1.0	1.0	0.0	2.0
0.4	119.6	1.8	1.4	6.6	113.4	3.7	2.9	6.2	0.0	0.0	1.0	222.0
0.7	119.3	17.4	17.1	8.5	111.5	9.0	7.9	7.8	0.0	0.0	0.0	198.3333
1.2	118.8	12.0	11.2	7.5	112.5	13.5	12.2	6.3	0.0	0.0	0.0	222.0
2.8	117.2	10.4	10.1	11.3	108.7	14.9	14.1	8.5	0.0	0.0	0.0	137.0
0.8	119.2	50.7	49.9	6.0	114.0	43.7	42.4	5.2	0.0	0.0	0.0	247.6667
117.2	2.8	27.3	26.3	0.7	119.3	22.2	21.0	3.5	1.0	1.0	0.0	3.5
118.2	1.8	13.6	13.3	5.0	115.0	16.3	15.5	6.8	1.0	0.0	0.0	130.8333
105.8	5.4	7.0	6.8	111.2	0.0	8.6	7.9	5.4	1.0	1.0	0.0	2.75
108.1	3.1	3.6	3.2	0.8	111.6	2.7	1.7	3.9	1.0	1.0	0.0	2.3333
110.6	0.6	1.6	1.1	4.8	107.6	7.0	6.0	5.4	1.0	0.0	1.0	167.0
2.8	109.6	5.9	5.6	9.0	103.4	8.2	7.5	6.2	0.0	0.0	0.0	209.5
2.1	97.9	13.2	12.9	7.2	92.8	14.4	13.7	5.1	0.0	0.0	0.0	236.3333
2.3	97.7	10.1	9.8	9.2	90.8	12.5	11.7	6.9	0.0	0.0	0.0	177.25
3.1	96.9	42.7	42.3	11.7	88.3	39.6	37.9	8.6	0.0	0.0	0.0	43.9375
3.4	116.6	12.6	12.3	9.8	110.2	29.2	28.2	6.4	0.0	0.0	0.0	169.75
119.0	1.0	16.1	15.7	2.5	117.5	14.2	13.1	3.5	1.0	1.0	0.0	3.0
0.5	119.5	35.8	35.5	5.7	114.3	36.1	35.2	5.2	0.0	0.0	0.0	232.3333
0.1	119.9	35.5	35.2	5.5	114.5	36.5	35.7	5.4	0.0	0.0	0.0	190.5
118.4	1.6	12.6	12.3	2.4	117.6	12.7	11.9	4.0	1.0	1.0	0.0	2.0
3.1	116.9	33.0	32.6	10.3	109.7	35.7	33.4	7.2	0.0	0.0	0.0	193.5
118.3	1.7	8.5	8.2	3.9	116.1	9.5	8.6	5.6	1.0	0.0	0.0	194.75
116.8	3.2	13.1	12.7	2.0	118.0	14.0	13.1	5.2	1.0	1.0	0.0	1.1579
3.1	116.9	39.7	39.4	9.7	110.3	42.4	41.6	6.6	0.0	0.0	0.0	240.3333
114.8	5.2	20.4	20.0	0.6	119.4	20.8	19.8	5.8	1.0	1.0	0.0	1.8462
119.7	0.3	24.2	23.8	3.5	116.5	22.6	21.6	3.8	1.0	1.0	0.0	2.3333
100.6	1.9	18.7	18.4	2.5	114.5	19.0	17.5	4.4	1.0	1.0	0.0	2.25
3.1	113.9	11.4	11.2	10.7	106.3	15.0	14.2	7.6	0.0	0.0	0.0	266.3333
95.9	4.1	13.9	13.6	0.0	100.0	14.1	13.3	4.1	1.0	1.0	0.0	4.0
99.3	0.7	29.4	24.9	3.3	96.7	21.5	19.9	4.0	1.0	1.0	0.0	0.5714
99.8	0.2	3.9	3.7	3.4	96.6	3.4	2.6	3.6	1.0	1.0	0.0	3.5
97.8	2.2	10.4	10.1	1.5	98.5	9.9	9.0	3.7	1.0	1.0	0.0	2.6667
95.1	4.9	8.0	7.4	0.5	104.5	6.8	5.7	5.4	1.0	1.0	0.0	1.5714
100.5	4.5	6.0	5.4	0.9	94.1	4.3	2.6	5.4	1.0	1.0	0.0	0.5357
94.2	0.8	5.9	5.2	3.4	96.6	5.4	4.4	4.2	1.0	1.0	0.0	1.4
97.5	2.5	21.7	21.2	1.8	98.2	20.3	19.3	4.3	1.0	1.0	0.0	2.25
99.0	1.0	1.5	1.1	3.0	97.0	1.2	0.3	4.0	1.0	1.0	1.0	4.0
0.8	99.2	18.3	18.0	8.6	91.4	21.6	20.7	7.8	0.0	0.0	0.0	133.8
148.0	2.0	14.1	13.9	2.4	147.6	15.4	14.8	4.4	1.0	1.0	0.0	3.0
148.3	1.7	7.7	7.3	2.3	116.8	6.7	5.7	4.0	1.0	1.0	0.0	2.6667
2.6	88.1	44.5	21.3	9.1	81.6	21.2	20.1	6.5	0.0	0.0	0.0	85.3333
88.0	2.7	29.4	29.0	2.0	173.5	23.8	23.0	4.7	1.0	1.0	0.0	1.8
0.3	175.2	14.1	13.8	7.0	168.5	16.4	15.5	6.7	0.0	0.0	0.0	257.25
171.3	4.2	1.3	0.9	0.4	175.1	1.3	0.3	4.6	1.0	1.0	1.0	2.25
173.2	2.3	1.9	1.5	2.1	173.4	1.7	0.8	4.4	1.0	1.0	1.0	2.6667
174.6	0.9	1.4	1.1	5.4	170.1	3.3	2.5	6.3	1.0	0.0	1.0	929.0
171.7	3.8	1.7	1.4	0.1	175.4	1.5	0.7	3.9	1.0	1.0	1.0	2.6667
174.3	1.2	2.6	2.3	2.8	172.7	2.7	1.9	4.0	1.0	1.0	0.0	2.6667
175.2	0.3	0.9	0.6	3.9	171.6	1.1	0.3	4.2	1.0	1.0	1.0	4.0
2.1	173.4	2.4	2.2	8.1	167.4	4.2	3.4	6.0	0.0	0.0	0.0	313.6667
173.4	2.1	2.8	2.6	2.3	173.2	3.0	2.2	4.4	1.0	1.0	0.0	3.0
1.1	148.9	5.8	5.6	8.6	141.4	9.8	9.1	7.5	0.0	0.0	0.0	183.8
2.9	147.1	8.7	8.2	11.7	138.3	13.4	12.5	8.8	0.0	0.0	0.0	174.6
1.1	148.9	9.8	9.1	8.2	141.8	11.9	10.7	7.1	0.0	0.0	0.0	207.25
147.0	3.0	2.1	1.8	1.8	148.2	2.2	1.3	4.8	1.0	1.0	0.0	4.5
146.7	3.3	5.9	5.4	1.4	148.6	8.2	7.2	4.7	1.0	1.0	0.0	1.6
148.3	1.7	1.3	0.9	3.0	147.0	1.6	0.8	4.7	1.0	1.0	1.0	2.0
0.5	149.5	3.8	3.3	6.6	143.4	3.6	3.0	6.1	0.0	0.0	0.0	120.2857
148.0	2.0	19.7	19.0	2.4	147.6	9.2	8.3	4.4	1.0	1.0	0.0	1.0
0.2	149.8	13.0	12.4	5.4	144.6	11.2	9.8	5.2	0.0	0.0	0.0	449.5
147.6	2.4	1.8	1.5	1.4	148.6	1.9	1.2	3.8	1.0	1.0	1.0	2.6667
2.5	147.5	7.0	6.6	9.8	140.2	10.4	9.6	7.3	0.0	0.0	0.0	196.5
146.8	3.2	1.5	1.3	1.4	148.6	2.1	1.3	4.6	1.0	1.0	1.0	2.25
0.1	149.9	3.3	2.9	5.6	144.4	4.2	3.3	5.5	0.0	0.0	0.0	494.5
148.6	1.4	6.2	5.9	3.2	146.8	6.5	5.8	4.6	1.0	1.0	0.0	2.25
1.1	148.9	2.5	2.1	7.0	143.0	3.8	2.9	5.9	0.0	0.0	0.0	234.75
2.7	147.3	1.6	1.2	8.9	141.1	10.3	9.4	6.2	0.0	0.0	1.0	232.25
0.0	150.0	10.8	10.5	6.1	143.9	11.5	10.5	6.1	0.0	1.0	0.0	85.0
0.1	149.9	11.7	11.3	6.6	143.4	13.5	12.6	6.5	0.0	0.0	0.0	292.6667
146.1	3.9	1.2	0.9	0.6	149.4	1.2	0.2	4.5	1.0	1.0	1.0	6.0
148.0	2.0	1.9	1.6	3.3	146.7	2.7	0.9	5.3	1.0	1.0	0.0	2.2
146.3	3.7	7.4	7.1	1.6	148.4	8.8	8.1	5.3	1.0	1.0	0.0	2.0
148.9	1.1	2.6	2.1	3.6	146.4	2.0	1.0	4.7	1.0	1.0	0.0	2.25
1.4	148.6	2.5	2.1	8.4	141.6	4.8	3.9	7.0	0.0	0.0	0.0	168.0
146.5	3.5	2.0	1.7	0.7	149.3	1.9	1.1	4.2	1.0	1.0	0.0	3.0
0.0	150.0	3.5	3.2	4.5	145.5	3.8	2.9	4.5	0.0	1.0	0.0	3.5
146.3	3.7	2.4	2.0	1.5	148.5	1.7	0.7	5.2	1.0	1.0	0.0	2.75
148.6	1.4	2.3	1.9	3.3	146.7	1.8	0.7	4.7	1.0	1.0	0.0	2.25
145.4	4.6	2.2	1.9	0.2	149.8	2.3	1.4	4.8	1.0	1.0	0.0	2.25
1.0	149.0	35.4	35.0	5.8	144.2	34.9	34.0	4.8	0.0	0.0	0.0	483.0
2.7	147.3	17.4	17.1	10.2	139.8	20.9	20.1	7.5	0.0	0.0	0.0	268.0
0.5	149.5	8.3	8.0	7.2	142.8	10.4	9.5	6.7	0.0	0.0	0.0	198.0
147.5	2.5	4.8	4.6	2.2	147.8	5.5	4.7	4.7	1.0	1.0	0.0	3.3333
2.7	147.3	3.7	3.3	9.7	140.3	7.5	6.5	7.0	0.0	0.0	0.0	264.0
149.0	1.0	1.5	1.2	3.4	146.6	8.0	7.2	4.4	1.0	1.0	1.0	1.75
147.2	2.8	1.4	1.1	1.7	148.3	4.1	1.2	4.5	1.0	1.0	1.0	3.0
0.1	149.9	2.9	2.6	7.3	142.7	5.6	4.7	7.2	0.0	0.0	0.0	197.4
145.1	4.9	1.5	1.2	0.4	149.6	0.9	0.1	5.3	1.0	1.0	1.0	2.6667
146.6	3.4	1.5	1.2	1.5	148.5	1.1	0.3	4.9	1.0	1.0	1.0	5.0
148.3	1.7	1.7	1.5	2.9	147.1	1.4	0.4	4.6	1.0	1.0	1.0	2.5
3.0	147.0	4.7	4.3	10.8	139.2	7.9	6.9	7.8	0.0	0.0	0.0	219.5
0.0	150.0	3.5	3.2	6.5	143.5	7.1	6.1	6.5	0.0	0.0	0.0	86.0
146.3	3.7	15.1	14.7	0.9	149.1	15.2	14.4	4.6	1.0	1.0	0.0	3.0
0.5	149.5	4.2	3.9	6.6	143.4	5.7	4.8	6.1	0.0	0.0	0.0	265.6667
148.8	1.2	10.0	9.6	4.2	145.8	9.9	8.8	5.4	1.0	0.0	0.0	282.3333
147.5	2.5	7.7	7.3	2.3	147.7	5.8	4.5	4.8	1.0	1.0	0.0	2.0
0.1	149.9	7.0	6.7	5.3	144.7	8.6	7.9	5.2	0.0	0.0	0.0	317.3333
146.8	3.2	8.1	7.6	2.8	147.2	2.0	1.0	6.0	1.0	1.0	0.0	2.2
147.2	2.8	3.3	2.9	1.7	148.3	3.1	2.2	4.5	1.0	1.0	0.0	2.0
3.1	146.9	5.9	5.5	10.9	139.1	9.2	8.4	7.8	0.0	0.0	0.0	223.0
1.8	148.2	6.0	5.8	8.0	142.0	8.5	7.8	6.2	0.0	0.0	0.0	309.6667
1.8	148.2	7.5	7.2	8.4	141.6	10.0	9.2	6.6	0.0	0.0	0.0	132.5714
144.1	5.9	1.7	1.3	2.1	147.9	4.8	0.4	8.0	1.0	1.0	1.0	2.1667
145.2	4.8	1.1	0.5	3.6	146.4	1.5	0.2	8.4	1.0	0.0	1.0	158.8
144.1	5.9	3.2	2.8	0.4	149.6	3.9	2.9	6.3	1.0	1.0	0.0	2.0
145.6	4.4	1.5	1.0	1.9	148.1	1.5	0.5	6.3	1.0	1.0	1.0	1.8333
148.2	1.8	2.6	2.0	4.2	145.8	2.3	1.2	6.0	1.0	1.0	0.0	2.5
2.9	147.1	4.7	4.3	9.9	140.1	5.7	4.7	7.0	0.0	0.0	0.0	236.6667
146.3	3.7	3.6	3.1	1.0	149.0	3.9	3.1	4.7	1.0	1.0	0.0	1.1111
149.8	0.2	25.5	25.1	5.1	144.9	26.0	25.1	5.3	1.0	0.0	0.0	240.6667
145.5	4.5	9.3	8.9	0.0	150.0	9.1	8.2	4.5	1.0	1.0	0.0	2.6667
1.2	148.8	5.7	5.4	8.4	141.6	8.4	7.6	7.2	0.0	0.0	0.0	207.5
149.0	1.0	11.1	10.3	6.4	143.6	14.5	13.7	7.4	1.0	0.0	0.0	216.5
146.8	3.2	5.9	5.7	0.6	149.4	6.9	6.5	3.8	1.0	1.0	0.0	3.5
0.6	149.4	3.8	3.6	6.8	143.2	6.2	5.5	6.2	0.0	0.0	0.0	199.5
149.5	0.5	7.7	7.5	2.9	147.1	7.8	7.2	3.4	1.0	1.0	0.0	3.0
148.8	1.2	12.3	11.9	2.3	147.7	10.2	9.2	3.5	1.0	1.0	0.0	2.3333
1.2	148.8	2.4	2.1	6.9	143.1	4.6	3.9	5.7	0.0	0.0	0.0	270.6667
146.0	4.0	4.8	4.4	1.0	149.0	5.2	4.3	5.0	1.0	1.0	0.0	2.25
2.1	147.9	11.5	11.2	8.4	141.6	13.2	12.2	6.3	0.0	0.0	0.0	125.2857
3.2	146.8	22.7	22.0	11.1	138.9	32.2	31.1	7.9	0.0	0.0	0.0	171.4
3.0	147.0	6.5	6.2	9.6	140.4	14.6	13.7	6.6	0.0	0.0	0.0	113.25
145.3	4.7	6.5	5.1	1.2	148.8	4.3	2.6	5.9	1.0	1.0	0.0	2.0
147.3	2.7	2.0	1.5	3.2	146.8	2.0	1.0	5.9	1.0	1.0	1.0	2.0
149.9	0.1	2.6	2.1	5.5	144.5	2.3	1.3	5.6	1.0	0.0	0.0	237.0
144.0	6.0	2.9	2.5	150.0	0.0	2.8	1.8	6.0	1.0	1.0	0.0	2.2
147.2	2.8	3.2	2.7	3.0	147.0	3.0	1.9	5.8	1.0	1.0	0.0	2.5
147.2	2.8	4.8	4.5	1.0	149.0	5.3	4.2	3.8	1.0	1.0	0.0	2.0
145.3	4.7	4.9	4.5	0.1	149.9	3.6	2.8	4.8	1.0	1.0	0.0	2.0
148.1	1.9	2.8	2.4	2.0	148.0	1.9	1.1	3.9	1.0	1.0	0.0	2.25
146.9	3.1	4.4	4.0	3.0	147.0	4.9	3.9	6.1	1.0	1.0	0.0	2.4
149.9	0.1	3.0	2.5	7.6	142.4	4.6	3.4	7.7	1.0	0.0	0.0	163.8
147.5	2.5	2.3	2.0	1.5	148.5	2.2	1.4	4.0	1.0	1.0	0.0	4.5
148.2	1.8	0.7	0.5	2.8	147.2	1.3	0.4	4.6	1.0	1.0	1.0	2.25
149.9	0.1	1.7	1.3	5.3	144.7	2.5	1.6	5.4	1.0	0.0	1.0	285.0
147.5	2.5	8.3	7.9	1.8	148.2	8.6	7.7	4.3	1.0	1.0	0.0	2.25
2.6	147.4	5.1	4.7	10.3	139.7	8.5	7.6	7.7	0.0	0.0	0.0	192.75
148.8	1.2	1.1	0.4	2.5	147.5	2.9	2.1	3.7	1.0	1.0	1.0	0.1489
147.2	2.8	3.2	3.0	1.0	149.0	3.3	2.5	3.8	1.0	1.0	0.0	2.6667
1.4	148.6	4.2	3.9	8.3	141.7	7.3	6.5	6.9	0.0	0.0	0.0	296.6667
145.3	4.7	5.2	4.9	0.4	149.6	6.2	5.3	5.1	1.0	1.0	0.0	2.75
1.6	148.4	19.4	19.0	8.6	141.4	21.6	20.7	7.0	0.0	0.0	0.0	168.25
149.0	1.0	14.1	13.7	4.5	145.5	15.0	14.1	5.5	1.0	0.0	0.0	179.0
1.9	148.1	25.5	25.2	9.0	141.0	28.3	27.5	7.1	0.0	0.0	0.0	203.5
3.2	146.8	10.3	10.0	9.9	140.1	28.3	27.6	6.7	0.0	0.0	0.0	262.0
148.6	1.4	3.0	2.8	2.8	147.2	3.8	3.2	4.2	1.0	1.0	0.0	2.0
147.6	2.4	2.5	2.2	1.1	148.9	2.6	1.9	3.5	1.0	1.0	0.0	2.3333
0.8	149.2	3.2	2.9	5.9	144.1	4.8	4.1	5.1	0.0	0.0	0.0	270.0
147.4	2.6	2.8	2.2	1.5	148.5	28.6	27.4	4.1	1.0	1.0	0.0	1.0
1.8	148.2	4.4	3.8	9.2	140.8	7.7	7.1	7.4	0.0	0.0	0.0	94.625
146.1	3.9	2.0	1.7	0.6	149.4	2.0	1.1	4.5	1.0	1.0	0.0	2.25
147.4	2.6	1.3	0.9	1.9	148.1	1.3	0.4	4.5	1.0	1.0	1.0	2.0
148.6	1.4	1.2	0.8	3.0	147.0	1.1	0.3	4.4	1.0	1.0	1.0	3.0
0.1	149.9	1.5	1.2	6.2	143.8	3.2	2.3	6.1	0.0	0.0	1.0	198.25
147.0	3.0	1.7	1.4	1.4	148.6	2.5	1.8	4.4	1.0	1.0	1.0	2.25
148.0	2.0	1.0	0.6	2.5	147.5	1.1	0.2	4.5	1.0	1.0	1.0	2.6667
0.2	149.8	2.2	1.9	5.5	144.5	3.0	2.2	5.3	0.0	0.0	0.0	204.75
147.7	2.3	3.8	3.4	3.0	147.0	3.4	2.3	5.3	1.0	1.0	0.0	3.3333
1.5	148.5	3.8	3.5	8.1	141.9	5.1	4.1	6.6	0.0	0.0	0.0	301.6667
1.7	148.3	2.4	2.1	8.3	141.7	20.6	19.8	6.6	0.0	0.0	0.0	258.0
145.5	4.5	1.4	1.0	0.8	149.2	2.6	0.2	5.3	1.0	1.0	1.0	2.75
147.8	2.2	2.3	1.9	3.2	146.8	2.4	1.3	5.4	1.0	1.0	0.0	3.0
149.4	0.6	1.6	1.2	6.1	143.9	2.9	1.7	6.7	1.0	0.0	1.0	227.75
145.1	4.9	2.3	2.1	0.7	149.3	3.1	2.1	5.6	1.0	1.0	0.0	3.6667
146.9	3.1	1.8	1.5	2.6	147.4	1.9	0.8	5.7	1.0	1.0	1.0	2.75
2.2	147.8	5.3	4.9	8.1	141.9	5.5	4.4	5.9	0.0	0.0	0.0	223.75
144.2	5.8	1.8	1.1	0.2	149.8	1.5	0.3	6.0	1.0	1.0	1.0	2.0
147.0	3.0	2.8	2.2	2.1	147.9	1.9	0.7	5.1	1.0	1.0	0.0	1.8571
149.2	0.8	2.2	1.5	7.2	142.8	5.1	3.8	8.0	1.0	0.0	1.0	157.8333
145.4	4.6	1.9	1.4	1.2	148.8	1.5	0.4	5.8	1.0	1.0	1.0	2.75
147.1	2.9	4.1	0.6	1.1	148.9	2.3	1.3	4.0	1.0	1.0	1.0	0.3056
1.4	148.6	4.3	0.7	11.5	138.5	10.4	9.3	10.1	0.0	0.0	1.0	33.6667
147.8	2.2	3.4	3.1	1.9	148.1	3.1	2.2	4.1	1.0	1.0	0.0	2.3333
148.5	1.5	0.7	0.4	3.3	146.7	1.4	0.7	4.8	1.0	1.0	1.0	3.3333
1.4	148.6	2.9	2.6	7.6	142.4	4.3	3.3	6.2	0.0	0.0	0.0	290.6667
149.4	0.6	10.3	10.0	4.2	145.8	10.8	10.0	4.8	1.0	1.0	0.0	2.0
1.3	148.7	1.9	1.5	10.6	139.4	6.4	5.6	9.3	0.0	0.0	1.0	118.1429
148.1	1.9	3.7	3.3	2.5	147.5	3.6	2.8	4.4	1.0	1.0	0.0	1.1429
149.2	0.8	1.1	0.4	3.5	146.5	1.0	0.2	4.3	1.0	1.0	1.0	2.25
0.9	149.1	1.7	1.3	6.6	143.4	3.1	2.2	5.7	0.0	0.0	1.0	211.25
146.7	3.3	2.1	1.7	1.1	148.9	1.4	0.4	4.4	1.0	1.0	0.0	3.0
146.4	3.6	1.6	1.2	0.9	149.1	1.5	0.7	4.5	1.0	1.0	1.0	3.0
147.4	2.6	1.0	0.7	2.2	147.8	1.3	0.4	4.8	1.0	1.0	1.0	3.0
1.8	148.2	4.4	4.1	7.8	142.2	5.6	4.7	6.0	0.0	0.0	0.0	313.3333
146.7	3.3	1.4	0.9	0.8	149.2	1.4	0.7	4.1	1.0	1.0	1.0	1.6
147.4	2.6	2.0	1.8	0.6	149.4	2.4	1.8	3.2	1.0	1.0	0.0	2.0
148.5	1.5	2.0	1.8	1.8	148.2	2.3	1.8	3.3	1.0	1.0	0.0	3.5
146.9	3.1	24.5	23.9	150.0	0.0	20.7	19.5	3.1	1.0	1.0	0.0	1.2
2.6	147.4	5.7	5.2	9.6	140.4	9.6	9.0	7.0	0.0	0.0	0.0	303.6667
148.0	2.0	1.2	0.8	2.6	147.4	3.2	1.1	4.6	1.0	1.0	1.0	2.25
0.1	149.9	6.2	5.8	6.4	143.6	7.8	6.9	6.3	0.0	0.0	0.0	234.0
146.5	3.5	2.2	1.7	0.5	149.5	1.7	0.8	4.0	1.0	1.0	0.0	2.25
149.9	0.1	3.4	3.0	5.7	144.3	5.2	4.3	5.8	1.0	0.0	0.0	105.3333
145.2	4.8	2.3	2.0	0.8	149.2	2.1	1.0	5.6	1.0	1.0	0.0	2.75
145.5	4.5	4.1	3.6	2.3	147.7	4.5	3.2	6.8	1.0	1.0	0.0	2.0
148.5	1.5	3.0	2.4	4.6	145.4	2.3	1.1	6.1	1.0	1.0	0.0	1.8
144.9	5.1	1.7	1.1	0.9	149.1	1.6	0.4	6.0	1.0	1.0	1.0	1.5714
147.2	2.8	2.3	1.6	3.0	147.0	2.1	1.0	5.8	1.0	1.0	0.0	1.5714
148.8	1.2	1.6	0.9	5.1	144.9	2.1	1.0	6.3	1.0	0.0	1.0	195.2
149.7	0.3	22.1	21.7	3.5	146.5	20.4	19.6	3.8	1.0	1.0	0.0	1.75
145.7	4.3	3.8	3.5	0.3	149.7	3.7	2.8	4.6	1.0	1.0	0.0	2.5
150.0	0.0	4.3	3.9	7.2	142.8	6.9	5.9	7.2	1.0	0.0	0.0	321.0
146.3	3.7	3.2	2.8	0.7	149.3	3.5	2.7	4.4	1.0	1.0	0.0	3.0
147.8	2.2	1.5	1.2	2.3	147.7	1.6	0.7	4.5	1.0	1.0	1.0	6.0
1.1	148.9	2.4	2.0	7.5	142.5	5.2	3.4	6.4	0.0	0.0	0.0	296.6667
145.6	4.4	2.7	2.4	0.7	149.3	3.3	2.4	5.1	1.0	1.0	0.0	1.4286
146.9	3.1	1.3	0.6	1.9	148.1	1.2	0.2	5.0	1.0	1.0	1.0	1.1111
148.8	1.2	1.9	1.0	4.5	145.5	2.6	1.6	5.7	1.0	0.0	1.0	108.6667
149.0	1.0	11.0	10.5	2.8	147.2	6.8	5.1	3.8	1.0	1.0	0.0	2.6667
0.3	149.7	19.0	18.7	5.9	144.1	19.7	18.7	5.6	0.0	0.0	0.0	239.5
148.2	1.8	16.8	16.4	1.5	148.5	15.7	14.8	3.3	1.0	1.0	0.0	3.5
3.3	146.7	43.3	41.5	10.4	139.6	40.0	38.7	7.1	0.0	0.0	0.0	283.0
146.5	3.5	1.8	1.4	1.5	148.5	1.9	0.9	5.0	1.0	1.0	1.0	3.3333
149.4	0.6	2.9	2.6	6.0	144.0	3.2	2.2	6.6	1.0	0.0	0.0	302.3333
147.0	3.0	4.7	4.4	1.2	148.8	4.9	4.1	4.2	1.0	1.0	0.0	2.6667
0.4	149.6	1.0	0.7	4.8	145.2	3.6	2.8	4.4	0.0	0.0	1.0	287.3333
145.6	4.4	3.3	2.9	0.2	149.8	3.0	2.0	4.6	1.0	1.0	0.0	1.8
146.9	3.1	1.3	0.8	1.5	148.5	1.3	0.4	4.6	1.0	1.0	1.0	3.0
149.6	0.4	2.7	2.4	5.5	144.5	4.0	3.1	5.9	1.0	0.0	0.0	215.5
146.6	3.4	1.5	1.2	0.1	149.9	1.4	0.6	3.5	1.0	1.0	1.0	2.3333
149.8	0.2	3.2	2.9	5.2	144.8	5.1	4.4	5.4	1.0	0.0	0.0	244.5
148.4	1.6	5.3	5.0	2.0	148.0	5.1	4.4	3.6	1.0	1.0	0.0	2.3333
2.6	147.4	4.2	3.9	8.7	141.3	6.7	6.0	6.1	0.0	0.0	0.0	293.3333
145.9	4.1	4.0	3.7	0.3	149.7	4.3	3.4	4.4	1.0	1.0	0.0	4.5
146.2	3.8	2.7	2.1	1.2	148.8	2.7	1.6	5.0	1.0	1.0	0.0	1.8
0.7	149.3	6.0	5.7	5.5	144.5	6.9	6.1	4.8	0.0	0.0	0.0	237.0
0.2	149.8	16.3	16.0	5.3	144.7	16.6	15.7	5.1	0.0	0.0	0.0	224.6667
149.0	1.0	15.1	14.9	3.6	146.4	19.7	18.7	4.6	1.0	0.0	0.0	102.0
3.6	146.4	20.0	19.7	10.6	139.4	22.8	21.9	7.0	0.0	0.0	0.0	164.75
2.4	147.6	52.2	51.5	11.1	138.9	54.3	51.6	8.7	0.0	0.0	0.0	133.4
149.6	0.4	16.7	16.0	6.0	144.0	18.7	17.9	6.4	1.0	0.0	0.0	60.5
148.8	1.2	8.7	8.4	2.6	147.4	7.2	6.1	3.8	1.0	1.0	0.0	2.6667
149.9	0.1	13.2	12.9	5.6	144.4	14.8	14.0	5.7	1.0	0.0	0.0	317.6667
149.7	0.3	17.6	17.0	3.2	146.8	15.3	14.2	3.5	1.0	1.0	0.0	3.5
0.9	149.1	5.0	4.8	5.9	144.1	6.3	5.5	5.0	0.0	0.0	0.0	432.0
147.1	2.9	3.5	3.2	1.0	149.0	3.4	2.5	3.9	1.0	1.0	0.0	3.5
149.1	0.9	2.0	1.8	3.1	146.9	2.1	1.4	4.0	1.0	1.0	0.0	4.0
2.4	147.6	3.3	3.1	9.8	140.2	6.7	5.9	7.4	0.0	0.0	0.0	275.6667
3.2	146.8	8.5	8.1	11.0	139.0	12.5	11.8	7.8	0.0	0.0	0.0	207.75
146.3	3.7	3.3	3.2	1.2	148.8	2.2	1.2	4.9	1.0	1.0	0.0	3.3333
147.2	2.8	8.3	8.0	2.0	148.0	8.8	7.9	4.8	1.0	1.0	0.0	2.0
148.9	1.1	1.7	1.3	4.6	145.4	2.6	1.8	5.7	1.0	0.0	1.0	316.6667
148.3	1.7	6.3	5.9	2.8	147.2	6.4	5.6	4.5	1.0	1.0	0.0	1.1429
1.2	148.8	2.9	2.2	8.6	141.4	5.8	5.0	7.4	0.0	0.0	0.0	100.3333
147.9	2.1	11.4	11.1	2.4	147.6	11.1	10.2	4.5	1.0	1.0	0.0	2.25
149.6	0.4	1.7	1.3	5.8	144.2	3.4	2.5	6.2	1.0	0.0	1.0	304.0
2.0	148.0	49.3	48.7	9.2	140.8	49.6	48.5	7.2	0.0	0.0	0.0	263.3333
1.2	148.8	49.8	49.1	7.6	142.4	49.6	48.7	6.4	0.0	0.0	0.0	272.0
0.6	149.4	28.0	27.7	6.1	143.9	29.3	28.5	5.5	0.0	0.0	0.0	280.6667
1.1	148.9	17.5	17.2	8.0	142.0	18.1	16.9	6.9	0.0	0.0	0.0	285.6667
146.4	3.6	5.1	4.8	0.3	149.7	4.2	3.3	3.9	1.0	1.0	0.0	2.3333
1.1	148.9	11.1	10.9	7.0	143.0	12.7	11.9	5.9	0.0	0.0	0.0	282.0
3.5	146.5	16.9	16.6	9.3	140.7	18.4	17.6	5.8	0.0	0.0	0.0	397.0
3.1	146.9	15.7	15.0	9.7	140.3	15.9	14.9	6.6	0.0	0.0	0.0	265.6667
144.0	6.0	2.4	1.9	0.5	149.5	3.4	0.9	6.5	1.0	1.0	0.0	1.625
147.9	2.1	3.6	3.2	6.5	143.5	7.0	6.0	8.6	1.0	0.0	0.0	157.5
2.6	147.4	4.7	4.1	9.3	140.7	11.5	10.5	6.7	0.0	0.0	0.0	239.75
0.5	149.5	14.1	13.7	6.2	143.8	14.3	13.3	5.7	0.0	0.0	0.0	208.25
144.7	5.3	21.9	21.2	1.2	148.8	24.5	22.2	6.5	1.0	1.0	0.0	2.4
150.0	0.0	10.6	10.4	3.8	146.2	11.5	11.0	3.8	1.0	1.0	0.0	3.0
2.5	147.5	2.5	2.3	8.4	141.6	4.6	4.0	5.9	0.0	0.0	0.0	216.6667
144.6	5.4	4.7	4.5	0.1	149.9	2.8	1.9	5.5	1.0	1.0	0.0	2.5
3.4	146.6	26.6	26.2	10.6	139.4	28.7	27.7	7.2	0.0	0.0	0.0	183.75
147.5	2.5	2.1	1.8	2.5	147.5	2.7	1.0	5.0	1.0	1.0	0.0	6.0
3.4	146.6	4.7	4.4	11.3	138.7	8.8	7.0	7.9	0.0	0.0	0.0	209.25
145.8	4.2	1.7	1.4	0.0	150.0	1.9	1.3	4.2	1.0	1.0	1.0	3.0
149.6	0.4	3.8	3.5	3.7	146.3	3.7	2.8	4.1	1.0	1.0	0.0	4.0
0.6	149.4	1.0	0.8	6.9	143.1	3.2	2.4	6.3	0.0	0.0	1.0	289.0
148.5	1.5	9.3	9.1	2.5	147.5	9.8	9.1	4.0	1.0	1.0	0.0	4.0
2.5	147.5	4.0	3.8	8.8	141.2	6.3	5.5	6.3	0.0	0.0	0.0	268.0
149.6	0.4	16.8	16.4	4.9	145.1	17.0	16.0	5.3	1.0	0.0	0.0	239.0
148.0	2.0	27.2	27.0	1.3	148.7	26.5	25.7	3.3	1.0	1.0	0.0	3.5
2.1	147.9	4.1	3.9	8.0	142.0	6.7	6.0	5.9	0.0	0.0	0.0	220.3333
146.3	3.7	5.2	5.0	0.1	149.9	6.0	5.4	3.8	1.0	1.0	0.0	4.0
149.0	1.0	2.7	2.5	5.1	144.9	5.0	4.2	6.1	1.0	0.0	0.0	220.5
144.8	5.2	38.1	37.8	0.6	149.4	2.0	1.3	5.8	1.0	1.0	0.0	2.6667
146.5	3.5	1.7	1.4	4.6	145.4	4.0	3.2	8.1	1.0	0.0	1.0	226.0
147.3	2.7	5.2	4.8	1.8	148.2	5.3	4.4	4.5	1.0	1.0	0.0	2.6667
149.9	0.1	2.6	2.3	3.8	146.2	2.0	1.2	3.9	1.0	1.0	0.0	2.6667
2.5	147.5	2.6	2.3	9.0	141.0	5.2	4.4	6.5	0.0	0.0	0.0	313.6667
146.6	3.4	1.5	1.2	0.6	149.4	1.7	1.0	4.0	1.0	1.0	1.0	2.3333
148.5	1.5	1.9	1.6	3.0	147.0	2.4	1.7	4.5	1.0	1.0	0.0	2.25
3.1	146.9	4.6	4.2	11.1	138.9	8.1	7.2	8.0	0.0	0.0	0.0	215.0
146.3	3.7	2.9	2.7	1.2	148.8	3.3	2.3	4.9	1.0	1.0	0.0	3.3333
0.2	149.8	3.9	3.6	6.6	143.4	5.4	4.4	6.4	0.0	0.0	0.0	309.3333
149.9	0.1	5.8	5.4	6.5	143.5	7.8	7.0	6.6	1.0	0.0	0.0	230.75
147.5	2.5	33.4	32.3	1.5	148.5	29.3	28.0	4.0	1.0	1.0	0.0	2.6667
2.5	147.5	5.0	4.7	10.3	139.7	8.8	8.0	7.8	0.0	0.0	0.0	220.0
81.0	0.7	12.9	12.3	8.3	106.3	5.9	4.9	9.0	1.0	0.0	0.0	96.25
1.5	108.3	58.3	58.0	10.0	99.8	23.1	21.7	8.5	0.0	0.0	0.0	173.5
2.9	114.1	82.8	82.0	8.9	108.1	42.0	40.6	6.0	0.0	0.0	0.0	257.3333
3.1	113.9	13.1	12.7	10.7	106.3	15.8	14.9	7.6	0.0	0.0	0.0	192.5
115.1	1.9	6.6	6.2	4.6	112.4	8.4	7.5	6.5	1.0	0.0	0.0	151.3333
